  0.0000 0.0000e+00 0.0000e+00 0.0000e+00 0.0000e+00 0.0000e+00 0.0000e+00 0.0000e+00 0.0000e+00 0.0000e+00
   0.5000 7.0924e+06 3.5487e+06 1.1107e+07 3.9707e+06 1.0557e+07 5.7023e+06 8.8917e+06 6.1542e+06 8.0306e+06
   1.0000 1.2967e+07 6.6789e+06 1.9986e+07 7.4480e+06 1.8980e+07 1.0480e+07 1.6164e+07 1.1266e+07 1.4668e+07
   1.5000 1.7181e+07 9.1751e+06 2.6035e+07 1.0183e+07 2.4727e+07 1.3990e+07 2.1244e+07 1.4956e+07 1.9405e+07
   2.0000 1.9631e+07 1.0916e+07 2.9307e+07 1.2049e+07 2.7873e+07 1.6127e+07 2.4048e+07 1.7143e+07 2.2119e+07
   2.5000 2.0516e+07 1.1891e+07 3.0286e+07 1.3048e+07 2.8886e+07 1.7016e+07 2.4877e+07 1.7990e+07 2.3042e+07
   3.0000 2.0175e+07 1.2178e+07 2.9561e+07 1.3281e+07 2.8307e+07 1.6907e+07 2.4202e+07 1.7776e+07 2.2573e+07
   3.5000 1.8989e+07 1.1906e+07 2.7694e+07 1.2907e+07 2.6643e+07 1.6081e+07 2.2523e+07 1.6817e+07 2.1160e+07
   4.0000 1.7299e+07 1.1232e+07 2.5160e+07 1.2108e+07 2.4316e+07 1.4799e+07 2.0292e+07 1.5399e+07 1.9199e+07
   4.5000 1.5375e+07 1.0310e+07 2.2326e+07 1.1057e+07 2.1666e+07 1.3284e+07 1.7847e+07 1.3753e+07 1.6998e+07
   5.0000 1.3421e+07 9.2700e+06 1.9464e+07 9.8952e+06 1.8957e+07 1.1705e+07 1.5425e+07 1.2059e+07 1.4783e+07
   5.5000 1.1565e+07 8.1497e+06 1.6755e+07 8.6576e+06 1.6368e+07 1.0176e+07 1.3171e+07 1.0434e+07 1.2697e+07
   6.0000 9.8793e+06 6.9948e+06 1.4296e+07 7.3892e+06 1.4002e+07 8.7619e+06 1.1158e+07 8.9460e+06 1.0813e+07
   6.5000 8.3917e+06 5.9671e+06 1.2128e+07 6.2730e+06 1.1904e+07 7.4967e+06 9.4078e+06 7.6244e+06 9.1589e+06
   7.0000 7.1054e+06 5.0721e+06 1.0255e+07 5.3098e+06 1.0084e+07 6.3890e+06 7.9131e+06 6.4754e+06 7.7354e+06
   7.5000 6.0082e+06 4.3042e+06 8.6582e+06 4.4896e+06 8.5262e+06 5.4341e+06 6.6519e+06 5.4906e+06 6.5258e+06
   8.0000 5.0807e+06 3.6516e+06 7.3098e+06 3.7971e+06 7.2072e+06 4.6190e+06 5.5958e+06 4.6546e+06 5.5068e+06
   8.5000 4.3008e+06 3.1004e+06 6.1774e+06 3.2153e+06 6.0969e+06 3.9280e+06 4.7152e+06 3.9492e+06 4.6525e+06
   9.0000 3.6472e+06 2.6365e+06 5.2293e+06 2.7279e+06 5.1657e+06 3.3446e+06 3.9823e+06 3.3560e+06 3.9383e+06
   9.5000 3.0999e+06 2.2468e+06 4.4367e+06 2.3199e+06 4.3860e+06 2.8532e+06 3.3726e+06 2.8580e+06 3.3419e+06
  10.0000 2.6420e+06 1.9196e+06 3.7743e+06 1.9785e+06 3.7336e+06 2.4395e+06 2.8652e+06 2.4402e+06 2.8438e+06
  10.5000 2.2581e+06 1.6445e+06 3.2200e+06 1.6923e+06 3.1870e+06 2.0911e+06 2.4421e+06 2.0892e+06 2.4271e+06
  11.0000 1.9358e+06 1.4128e+06 2.7554e+06 1.4519e+06 2.7285e+06 1.7972e+06 2.0883e+06 1.7938e+06 2.0778e+06
  11.5000 1.6647e+06 1.2175e+06 2.3653e+06 1.2496e+06 2.3431e+06 1.5491e+06 1.7918e+06 1.5448e+06 1.7846e+06
  12.0000 1.4362e+06 1.0523e+06 2.0370e+06 1.0790e+06 2.0187e+06 1.3392e+06 1.5426e+06 1.3345e+06 1.5378e+06
  12.5000 1.2429e+06 9.1238e+05 1.7598e+06 9.3456e+05 1.7446e+06 1.1611e+06 1.3326e+06 1.1564e+06 1.3294e+06
  13.0000 1.0789e+06 7.9344e+05 1.5250e+06 8.1200e+05 1.5122e+06 1.0096e+06 1.1549e+06 1.0051e+06 1.1528e+06
  13.5000 9.3946e+05 6.9207e+05 1.3255e+06 7.0768e+05 1.3148e+06 8.8044e+05 1.0042e+06 8.7622e+05 1.0027e+06
  14.0000 8.2051e+05 6.0545e+05 1.1557e+06 6.1865e+05 1.1466e+06 7.7001e+05 8.7587e+05 7.6617e+05 8.7484e+05
  14.5000 7.1881e+05 5.3124e+05 1.0109e+06 5.4246e+05 1.0031e+06 6.7542e+05 7.6638e+05 6.7193e+05 7.6570e+05
  15.0000 6.3148e+05 4.6741e+05 8.8661e+05 4.7698e+05 8.8000e+05 5.9404e+05 6.7254e+05 5.9092e+05 6.7206e+05
  15.5000 5.5624e+05 4.1233e+05 7.7972e+05 4.2052e+05 7.7404e+05 5.2379e+05 5.9181e+05 5.2105e+05 5.9143e+05
  16.0000 4.9123e+05 3.6466e+05 6.8751e+05 3.7171e+05 6.8262e+05 4.6301e+05 5.2217e+05 4.6061e+05 5.2185e+05
  16.5000 4.3493e+05 3.2331e+05 6.0779e+05 3.2940e+05 6.0356e+05 4.1029e+05 4.6194e+05 4.0821e+05 4.6165e+05
  17.0000 3.8605e+05 2.8736e+05 5.3871e+05 2.9263e+05 5.3504e+05 3.6448e+05 4.0972e+05 3.6266e+05 4.0945e+05
  17.5000 3.4353e+05 2.5602e+05 4.7872e+05 2.6061e+05 4.7552e+05 3.2457e+05 3.6432e+05 3.2297e+05 3.6409e+05
  18.0000 3.0643e+05 2.2864e+05 4.2648e+05 2.3265e+05 4.2368e+05 2.8972e+05 3.2476e+05 2.8830e+05 3.2457e+05
  18.5000 2.7392e+05 2.0462e+05 3.8074e+05 2.0814e+05 3.7828e+05 2.5915e+05 2.9012e+05 2.5791e+05 2.8995e+05
  19.0000 2.4537e+05 1.8350e+05 3.4061e+05 1.8659e+05 3.3845e+05 2.3227e+05 2.5973e+05 2.3120e+05 2.5955e+05
  19.5000 2.2024e+05 1.6489e+05 3.0533e+05 1.6761e+05 3.0342e+05 2.0859e+05 2.3301e+05 2.0767e+05 2.3280e+05
  20.0000 1.9807e+05 1.4846e+05 2.7424e+05 1.5086e+05 2.7256e+05 1.8769e+05 2.0946e+05 1.8692e+05 2.0923e+05
  20.5000 1.7849e+05 1.3393e+05 2.4681e+05 1.3605e+05 2.4532e+05 1.6921e+05 1.8867e+05 1.6856e+05 1.8842e+05
  21.0000 1.6115e+05 1.2105e+05 2.2257e+05 1.2293e+05 2.2124e+05 1.5284e+05 1.7027e+05 1.5231e+05 1.7000e+05
  21.5000 1.4578e+05 1.0962e+05 2.0110e+05 1.1129e+05 1.9991e+05 1.3832e+05 1.5397e+05 1.3788e+05 1.5368e+05
  22.0000 1.3213e+05 9.9450e+04 1.8205e+05 1.0094e+05 1.8099e+05 1.2542e+05 1.3949e+05 1.2506e+05 1.3920e+05
  22.5000 1.1994e+05 9.0368e+04 1.6508e+05 9.1696e+04 1.6413e+05 1.1390e+05 1.2659e+05 1.1360e+05 1.2628e+05
  23.0000 1.0905e+05 8.2239e+04 1.4992e+05 8.3428e+04 1.4908e+05 1.0359e+05 1.1505e+05 1.0335e+05 1.1475e+05
  23.5000 9.9299e+04 7.4951e+04 1.3637e+05 7.6018e+04 1.3561e+05 9.4355e+04 1.0473e+05 9.4166e+04 1.0443e+05
  24.0000 9.0550e+04 6.8408e+04 1.2422e+05 6.9367e+04 1.2354e+05 8.6067e+04 9.5476e+04 8.5920e+04 9.5178e+04
  24.5000 8.2691e+04 6.2525e+04 1.1333e+05 6.3388e+04 1.1271e+05 7.8618e+04 8.7166e+04 7.8507e+04 8.6872e+04
  25.0000 7.5620e+04 5.7227e+04 1.0353e+05 5.8006e+04 1.0297e+05 7.1914e+04 7.9693e+04 7.1834e+04 7.9405e+04
  25.5000 6.9250e+04 5.2449e+04 9.4718e+04 5.3154e+04 9.4211e+04 6.5872e+04 7.2962e+04 6.5817e+04 7.2681e+04
  26.0000 6.3502e+04 4.8134e+04 8.6774e+04 4.8773e+04 8.6314e+04 6.0418e+04 6.6892e+04 6.0386e+04 6.6617e+04
  26.5000 5.8310e+04 4.4233e+04 7.9604e+04 4.4813e+04 7.9186e+04 5.5490e+04 6.1409e+04 5.5477e+04 6.1142e+04
  27.0000 5.3612e+04 4.0701e+04 7.3124e+04 4.1227e+04 7.2744e+04 5.1031e+04 5.6450e+04 5.1034e+04 5.6190e+04
  27.5000 4.9354e+04 3.7496e+04 6.7254e+04 3.7975e+04 6.6908e+04 4.6987e+04 5.1955e+04 4.7003e+04 5.1703e+04
  28.0000 4.5486e+04 3.4583e+04 6.1930e+04 3.5020e+04 6.1613e+04 4.3314e+04 4.7875e+04 4.3341e+04 4.7630e+04
  28.5000 4.1970e+04 3.1933e+04 5.7093e+04 3.2331e+04 5.6803e+04 3.9972e+04 4.4166e+04 4.0009e+04 4.3930e+04
  29.0000 3.8768e+04 2.9517e+04 5.2693e+04 2.9881e+04 5.2428e+04 3.6930e+04 4.0790e+04 3.6973e+04 4.0562e+04
  29.5000 3.5849e+04 2.7314e+04 4.8685e+04 2.7647e+04 4.8442e+04 3.4155e+04 3.7713e+04 3.4205e+04 3.7493e+04
  30.0000 3.3185e+04 2.5301e+04 4.5030e+04 2.5606e+04 4.4807e+04 3.1622e+04 3.4905e+04 3.1676e+04 3.4693e+04
  30.5000 3.0750e+04 2.3460e+04 4.1693e+04 2.3740e+04 4.1488e+04 2.9306e+04 3.2339e+04 2.9364e+04 3.2135e+04
  31.0000 2.8522e+04 2.1774e+04 3.8642e+04 2.2032e+04 3.8453e+04 2.7186e+04 2.9992e+04 2.7247e+04 2.9796e+04
  31.5000 2.6482e+04 2.0229e+04 3.5850e+04 2.0466e+04 3.5676e+04 2.5245e+04 2.7842e+04 2.5307e+04 2.7655e+04
  32.0000 2.4610e+04 1.8811e+04 3.3291e+04 1.9030e+04 3.3130e+04 2.3463e+04 2.5871e+04 2.3527e+04 2.5691e+04
  32.5000 2.2892e+04 1.7508e+04 3.0943e+04 1.7710e+04 3.0795e+04 2.1828e+04 2.4062e+04 2.1892e+04 2.3890e+04
  33.0000 2.1312e+04 1.6310e+04 2.8788e+04 1.6496e+04 2.8651e+04 2.0324e+04 2.2399e+04 2.0389e+04 2.2234e+04
  33.5000 1.9859e+04 1.5189e+04 2.6841e+04 1.5361e+04 2.6714e+04 1.8941e+04 2.0870e+04 1.9005e+04 2.0712e+04
  34.0000 1.8521e+04 1.4158e+04 2.5046e+04 1.4316e+04 2.4929e+04 1.7666e+04 1.9461e+04 1.7730e+04 1.9311e+04
  34.5000 1.7287e+04 1.3208e+04 2.3390e+04 1.3354e+04 2.3282e+04 1.6491e+04 1.8163e+04 1.6554e+04 1.8019e+04
  35.0000 1.6148e+04 1.2332e+04 2.1860e+04 1.2467e+04 2.1761e+04 1.5407e+04 1.6965e+04 1.5468e+04 1.6828e+04
  35.5000 1.5097e+04 1.1523e+04 2.0447e+04 1.1648e+04 2.0355e+04 1.4405e+04 1.5859e+04 1.4465e+04 1.5728e+04
  36.0000 1.4124e+04 1.0775e+04 1.9139e+04 1.0891e+04 1.9054e+04 1.3478e+04 1.4836e+04 1.3537e+04 1.4711e+04
  36.5000 1.3224e+04 1.0084e+04 1.7928e+04 1.0191e+04 1.7849e+04 1.2621e+04 1.3889e+04 1.2678e+04 1.3770e+04
  37.0000 1.2391e+04 9.4439e+03 1.6806e+04 9.5437e+03 1.6732e+04 1.1826e+04 1.3013e+04 1.1882e+04 1.2900e+04
  37.5000 1.1618e+04 8.8509e+03 1.5765e+04 8.9437e+03 1.5696e+04 1.1090e+04 1.2200e+04 1.1144e+04 1.2092e+04
  38.0000 1.0901e+04 8.3011e+03 1.4798e+04 8.3874e+03 1.4735e+04 1.0406e+04 1.1447e+04 1.0458e+04 1.1344e+04
  38.5000 1.0236e+04 7.7907e+03 1.3901e+04 7.8711e+03 1.3841e+04 9.7715e+03 1.0747e+04 9.8219e+03 1.0649e+04
  39.0000 9.6170e+03 7.3166e+03 1.3066e+04 7.3916e+03 1.3010e+04 9.1816e+03 1.0096e+04 9.2301e+03 1.0004e+04
  39.5000 9.0415e+03 6.8758e+03 1.2289e+04 6.9458e+03 1.2237e+04 8.6328e+03 9.4916e+03 8.6795e+03 9.4032e+03
  40.0000 8.5059e+03 6.4657e+03 1.1566e+04 6.5311e+03 1.1517e+04 8.1219e+03 8.9287e+03 8.1668e+03 8.8446e+03
  40.5000 8.0069e+03 6.0839e+03 1.0891e+04 6.1450e+03 1.0846e+04 7.6459e+03 8.4043e+03 7.6890e+03 8.3244e+03
  41.0000 7.5417e+03 5.7281e+03 1.0263e+04 5.7852e+03 1.0220e+04 7.2022e+03 7.9156e+03 7.2435e+03 7.8396e+03
  41.5000 7.1078e+03 5.3963e+03 9.6760e+03 5.4499e+03 9.6363e+03 6.7882e+03 7.4597e+03 6.8278e+03 7.3875e+03
  42.0000 6.7028e+03 5.0868e+03 9.1280e+03 5.1370e+03 9.0909e+03 6.4018e+03 7.0343e+03 6.4397e+03 6.9656e+03
  42.5000 6.3245e+03 4.7978e+03 8.6160e+03 4.8449e+03 8.5811e+03 6.0408e+03 6.6369e+03 6.0771e+03 6.5716e+03
  43.0000 5.9708e+03 4.5278e+03 8.1371e+03 4.5721e+03 8.1044e+03 5.7034e+03 6.2654e+03 5.7381e+03 6.2034e+03
  43.5000 5.6401e+03 4.2754e+03 7.6890e+03 4.3170e+03 7.6582e+03 5.3878e+03 5.9180e+03 5.4209e+03 5.8591e+03
  44.0000 5.3305e+03 4.0393e+03 7.2695e+03 4.0783e+03 7.2405e+03 5.0923e+03 5.5929e+03 5.1239e+03 5.5370e+03
  44.5000 5.0406e+03 3.8182e+03 6.8763e+03 3.8550e+03 6.8491e+03 4.8156e+03 5.2884e+03 4.8457e+03 5.2353e+03
  45.0000 4.7689e+03 3.6111e+03 6.5078e+03 3.6458e+03 6.4821e+03 4.5562e+03 5.0031e+03 4.5850e+03 4.9527e+03
  45.5000 4.5141e+03 3.4170e+03 6.1621e+03 3.4496e+03 6.1378e+03 4.3130e+03 4.7356e+03 4.3404e+03 4.6877e+03
  46.0000 4.2750e+03 3.2349e+03 5.8375e+03 3.2657e+03 5.8147e+03 4.0848e+03 4.4846e+03 4.1109e+03 4.4391e+03
  46.5000 4.0506e+03 3.0640e+03 5.5327e+03 3.0931e+03 5.5112e+03 3.8705e+03 4.2490e+03 3.8953e+03 4.2058e+03
  47.0000 3.8397e+03 2.9036e+03 5.2463e+03 2.9311e+03 5.2259e+03 3.6692e+03 4.0276e+03 3.6928e+03 3.9867e+03
  47.5000 3.6416e+03 2.7528e+03 4.9770e+03 2.7788e+03 4.9577e+03 3.4800e+03 3.8196e+03 3.5024e+03 3.7807e+03
  48.0000 3.4552e+03 2.6111e+03 4.7236e+03 2.6356e+03 4.7054e+03 3.3020e+03 3.6239e+03 3.3233e+03 3.5870e+03
  48.5000 3.2798e+03 2.4778e+03 4.4851e+03 2.5010e+03 4.4679e+03 3.1345e+03 3.4399e+03 3.1548e+03 3.4048e+03
  49.0000 3.1147e+03 2.3523e+03 4.2605e+03 2.3743e+03 4.2442e+03 2.9768e+03 3.2666e+03 2.9961e+03 3.2333e+03
  49.5000 2.9591e+03 2.2341e+03 4.0489e+03 2.2549e+03 4.0334e+03 2.8283e+03 3.1033e+03 2.8466e+03 3.0717e+03
  50.0000 2.8125e+03 2.1227e+03 3.8494e+03 2.1425e+03 3.8347e+03 2.6882e+03 2.9495e+03 2.7056e+03 2.9195e+03
  50.5000 2.6743e+03 2.0178e+03 3.6612e+03 2.0365e+03 3.6472e+03 2.5562e+03 2.8044e+03 2.5727e+03 2.7759e+03
  51.0000 2.5439e+03 1.9188e+03 3.4836e+03 1.9366e+03 3.4704e+03 2.4317e+03 2.6676e+03 2.4473e+03 2.6406e+03
  51.5000 2.4209e+03 1.8255e+03 3.3160e+03 1.8424e+03 3.3034e+03 2.3141e+03 2.5385e+03 2.3289e+03 2.5128e+03
  52.0000 2.3047e+03 1.7373e+03 3.1576e+03 1.7534e+03 3.1457e+03 2.2031e+03 2.4166e+03 2.2172e+03 2.3922e+03
  52.5000 2.1949e+03 1.6541e+03 3.0080e+03 1.6694e+03 2.9967e+03 2.0983e+03 2.3014e+03 2.1116e+03 2.2783e+03
  53.0000 2.0912e+03 1.5755e+03 2.8666e+03 1.5900e+03 2.8558e+03 1.9992e+03 2.1926e+03 2.0118e+03 2.1707e+03
  53.5000 1.9931e+03 1.5012e+03 2.7328e+03 1.5150e+03 2.7225e+03 1.9055e+03 2.0897e+03 1.9174e+03 2.0689e+03
  54.0000 1.9004e+03 1.4309e+03 2.6062e+03 1.4441e+03 2.5964e+03 1.8169e+03 1.9924e+03 1.8281e+03 1.9727e+03
  54.5000 1.8126e+03 1.3645e+03 2.4864e+03 1.3770e+03 2.4771e+03 1.7330e+03 1.9003e+03 1.7436e+03 1.8816e+03
  55.0000 1.7295e+03 1.3015e+03 2.3729e+03 1.3135e+03 2.3640e+03 1.6536e+03 1.8131e+03 1.6636e+03 1.7954e+03
  55.5000 1.6507e+03 1.2420e+03 2.2654e+03 1.2534e+03 2.2569e+03 1.5783e+03 1.7305e+03 1.5878e+03 1.7137e+03
  56.0000 1.5761e+03 1.1855e+03 2.1635e+03 1.1964e+03 2.1554e+03 1.5070e+03 1.6523e+03 1.5160e+03 1.6363e+03
  56.5000 1.5054e+03 1.1320e+03 2.0669e+03 1.1424e+03 2.0592e+03 1.4395e+03 1.5781e+03 1.4479e+03 1.5630e+03
  57.0000 1.4384e+03 1.0813e+03 1.9752e+03 1.0913e+03 1.9678e+03 1.3754e+03 1.5078e+03 1.3833e+03 1.4934e+03
  57.5000 1.3747e+03 1.0332e+03 1.8882e+03 1.0427e+03 1.8812e+03 1.3146e+03 1.4411e+03 1.3220e+03 1.4274e+03
  58.0000 1.3143e+03 9.8760e+02 1.8057e+03 9.9668e+02 1.7989e+03 1.2568e+03 1.3777e+03 1.2639e+03 1.3648e+03
  58.5000 1.2570e+03 9.4428e+02 1.7272e+03 9.5296e+02 1.7208e+03 1.2020e+03 1.3176e+03 1.2087e+03 1.3053e+03
  59.0000 1.2025e+03 9.0314e+02 1.6527e+03 9.1145e+02 1.6466e+03 1.1500e+03 1.2605e+03 1.1562e+03 1.2489e+03
  59.5000 1.1508e+03 8.6406e+02 1.5819e+03 8.7202e+02 1.5760e+03 1.1005e+03 1.2062e+03 1.1064e+03 1.1952e+03
  60.0000 1.1016e+03 8.2692e+02 1.5146e+03 8.3454e+02 1.5090e+03 1.0535e+03 1.1546e+03 1.0590e+03 1.1442e+03
  60.5000 1.0548e+03 7.9161e+02 1.4506e+03 7.9891e+02 1.4452e+03 1.0088e+03 1.1056e+03 1.0139e+03 1.0957e+03
  61.0000 1.0103e+03 7.5803e+02 1.3896e+03 7.6502e+02 1.3844e+03 9.6623e+02 1.0589e+03 9.7106e+02 1.0495e+03
  61.5000 9.6795e+02 7.2608e+02 1.3316e+03 7.3279e+02 1.3267e+03 9.2575e+02 1.0145e+03 9.3027e+02 1.0056e+03
  62.0000 9.2764e+02 6.9567e+02 1.2764e+03 7.0211e+02 1.2717e+03 8.8721e+02 9.7223e+02 8.9144e+02 9.6385e+02
  62.5000 8.8926e+02 6.6674e+02 1.2238e+03 6.7291e+02 1.2193e+03 8.5052e+02 9.3199e+02 8.5448e+02 9.2406e+02
  63.0000 8.5271e+02 6.3918e+02 1.1738e+03 6.4511e+02 1.1694e+03 8.1557e+02 8.9367e+02 8.1927e+02 8.8616e+02
  63.5000 8.1788e+02 6.1294e+02 1.1260e+03 6.1863e+02 1.1218e+03 7.8227e+02 8.5716e+02 7.8572e+02 8.5006e+02
  64.0000 7.8470e+02 5.8793e+02 1.0805e+03 5.9340e+02 1.0765e+03 7.5054e+02 8.2236e+02 7.5375e+02 8.1565e+02
  64.5000 7.5305e+02 5.6410e+02 1.0371e+03 5.6936e+02 1.0332e+03 7.2029e+02 7.8919e+02 7.2327e+02 7.8285e+02
  65.0000 7.2288e+02 5.4137e+02 9.9575e+02 5.4643e+02 9.9201e+02 6.9144e+02 7.5756e+02 6.9420e+02 7.5157e+02
  65.5000 6.9410e+02 5.1970e+02 9.5626e+02 5.2457e+02 9.5266e+02 6.6392e+02 7.2738e+02 6.6648e+02 7.2173e+02
  66.0000 6.6663e+02 4.9903e+02 9.1857e+02 5.0371e+02 9.1511e+02 6.3765e+02 6.9859e+02 6.4001e+02 6.9325e+02
  66.5000 6.4041e+02 4.7929e+02 8.8259e+02 4.8380e+02 8.7926e+02 6.1258e+02 6.7110e+02 6.1476e+02 6.6607e+02
  67.0000 6.1537e+02 4.6046e+02 8.4822e+02 4.6480e+02 8.4502e+02 5.8864e+02 6.4485e+02 5.9064e+02 6.4011e+02
  67.5000 5.9146e+02 4.4247e+02 8.1539e+02 4.4665e+02 8.1231e+02 5.6578e+02 6.1979e+02 5.6761e+02 6.1532e+02
  68.0000 5.6862e+02 4.2529e+02 7.8402e+02 4.2932e+02 7.8105e+02 5.4393e+02 5.9584e+02 5.4560e+02 5.9164e+02
  68.5000 5.4678e+02 4.0888e+02 7.5404e+02 4.1276e+02 7.5117e+02 5.2305e+02 5.7296e+02 5.2457e+02 5.6900e+02
  69.0000 5.2591e+02 3.9319e+02 7.2537e+02 3.9694e+02 7.2261e+02 5.0310e+02 5.5108e+02 5.0447e+02 5.4736e+02
  69.5000 5.0595e+02 3.7819e+02 6.9794e+02 3.8181e+02 6.9528e+02 4.8401e+02 5.3016e+02 4.8524e+02 5.2667e+02
  70.0000 4.8687e+02 3.6385e+02 6.7171e+02 3.6733e+02 6.6914e+02 4.6576e+02 5.1015e+02 4.6686e+02 5.0688e+02
  70.5000 4.6860e+02 3.5013e+02 6.4661e+02 3.5349e+02 6.4413e+02 4.4829e+02 4.9101e+02 4.4927e+02 4.8794e+02
  71.0000 4.5112e+02 3.3700e+02 6.2258e+02 3.4025e+02 6.2019e+02 4.3157e+02 4.7269e+02 4.3244e+02 4.6981e+02
  71.5000 4.3439e+02 3.2444e+02 5.9958e+02 3.2758e+02 5.9727e+02 4.1557e+02 4.5515e+02 4.1632e+02 4.5246e+02
  72.0000 4.1837e+02 3.1241e+02 5.7755e+02 3.1544e+02 5.7532e+02 4.0025e+02 4.3836e+02 4.0090e+02 4.3584e+02
  72.5000 4.0302e+02 3.0089e+02 5.5645e+02 3.0382e+02 5.5429e+02 3.8557e+02 4.2228e+02 3.8612e+02 4.1993e+02
  73.0000 3.8832e+02 2.8986e+02 5.3622e+02 2.9269e+02 5.3414e+02 3.7151e+02 4.0687e+02 3.7197e+02 4.0468e+02
  73.5000 3.7423e+02 2.7929e+02 5.1684e+02 2.8203e+02 5.1483e+02 3.5804e+02 3.9210e+02 3.5840e+02 3.9006e+02
  74.0000 3.6073e+02 2.6916e+02 4.9826e+02 2.7181e+02 4.9632e+02 3.4512e+02 3.7795e+02 3.4540e+02 3.7606e+02
  74.5000 3.4778e+02 2.5944e+02 4.8045e+02 2.6201e+02 4.7857e+02 3.3274e+02 3.6438e+02 3.3294e+02 3.6262e+02
  75.0000 3.3537e+02 2.5013e+02 4.6336e+02 2.5261e+02 4.6154e+02 3.2086e+02 3.5137e+02 3.2099e+02 3.4974e+02
  75.5000 3.2346e+02 2.4120e+02 4.4697e+02 2.4360e+02 4.4520e+02 3.0947e+02 3.3889e+02 3.0953e+02 3.3738e+02
  76.0000 3.1203e+02 2.3263e+02 4.3124e+02 2.3496e+02 4.2953e+02 2.9854e+02 3.2692e+02 2.9854e+02 3.2552e+02
  76.5000 3.0106e+02 2.2442e+02 4.1614e+02 2.2667e+02 4.1449e+02 2.8805e+02 3.1543e+02 2.8799e+02 3.1414e+02
  77.0000 2.9054e+02 2.1653e+02 4.0165e+02 2.1871e+02 4.0005e+02 2.7798e+02 3.0440e+02 2.7786e+02 3.0322e+02
  77.5000 2.8044e+02 2.0896e+02 3.8774e+02 2.1108e+02 3.8619e+02 2.6832e+02 2.9382e+02 2.6814e+02 2.9274e+02
  78.0000 2.7074e+02 2.0170e+02 3.7438e+02 2.0375e+02 3.7287e+02 2.5904e+02 2.8365e+02 2.5881e+02 2.8267e+02
  78.5000 2.6143e+02 1.9472e+02 3.6154e+02 1.9671e+02 3.6009e+02 2.5013e+02 2.7389e+02 2.4986e+02 2.7300e+02
  79.0000 2.5248e+02 1.8802e+02 3.4921e+02 1.8995e+02 3.4780e+02 2.4157e+02 2.6451e+02 2.4125e+02 2.6370e+02
  79.5000 2.4388e+02 1.8158e+02 3.3736e+02 1.8345e+02 3.3599e+02 2.3334e+02 2.5550e+02 2.3298e+02 2.5478e+02
  80.0000 2.3562e+02 1.7540e+02 3.2597e+02 1.7721e+02 3.2464e+02 2.2544e+02 2.4685e+02 2.2504e+02 2.4619e+02
  80.5000 2.2767e+02 1.6945e+02 3.1502e+02 1.7122e+02 3.1373e+02 2.1784e+02 2.3853e+02 2.1740e+02 2.3794e+02
  81.0000 2.2004e+02 1.6374e+02 3.0449e+02 1.6545e+02 3.0324e+02 2.1053e+02 2.3052e+02 2.1006e+02 2.3001e+02
  81.5000 2.1269e+02 1.5825e+02 2.9437e+02 1.5991e+02 2.9315e+02 2.0351e+02 2.2283e+02 2.0300e+02 2.2238e+02
  82.0000 2.0563e+02 1.5296e+02 2.8462e+02 1.5458e+02 2.8345e+02 1.9675e+02 2.1543e+02 1.9622e+02 2.1504e+02
  82.5000 1.9883e+02 1.4788e+02 2.7525e+02 1.4945e+02 2.7411e+02 1.9025e+02 2.0831e+02 1.8969e+02 2.0798e+02
  83.0000 1.9230e+02 1.4299e+02 2.6623e+02 1.4452e+02 2.6512e+02 1.8400e+02 2.0146e+02 1.8340e+02 2.0119e+02
  83.5000 1.8600e+02 1.3829e+02 2.5755e+02 1.3977e+02 2.5647e+02 1.7798e+02 1.9486e+02 1.7736e+02 1.9465e+02
  84.0000 1.7995e+02 1.3376e+02 2.4919e+02 1.3520e+02 2.4814e+02 1.7218e+02 1.8851e+02 1.7154e+02 1.8835e+02
  84.5000 1.7411e+02 1.2940e+02 2.4114e+02 1.3080e+02 2.4012e+02 1.6660e+02 1.8240e+02 1.6594e+02 1.8229e+02
  85.0000 1.6850e+02 1.2521e+02 2.3339e+02 1.2657e+02 2.3240e+02 1.6123e+02 1.7652e+02 1.6055e+02 1.7645e+02
  85.5000 1.6309e+02 1.2117e+02 2.2592e+02 1.2249e+02 2.2496e+02 1.5605e+02 1.7085e+02 1.5535e+02 1.7082e+02
  86.0000 1.5788e+02 1.1727e+02 2.1872e+02 1.1856e+02 2.1779e+02 1.5107e+02 1.6539e+02 1.5035e+02 1.6540e+02
  86.5000 1.5285e+02 1.1352e+02 2.1179e+02 1.1478e+02 2.1088e+02 1.4626e+02 1.6013e+02 1.4553e+02 1.6018e+02
  87.0000 1.4801e+02 1.0991e+02 2.0511e+02 1.1113e+02 2.0422e+02 1.4163e+02 1.5506e+02 1.4089e+02 1.5514e+02
  87.5000 1.4335e+02 1.0643e+02 1.9866e+02 1.0762e+02 1.9780e+02 1.3717e+02 1.5017e+02 1.3641e+02 1.5029e+02
  88.0000 1.3885e+02 1.0307e+02 1.9245e+02 1.0423e+02 1.9161e+02 1.3287e+02 1.4546e+02 1.3210e+02 1.4561e+02
  88.5000 1.3452e+02 9.9836e+01 1.8646e+02 1.0096e+02 1.8565e+02 1.2872e+02 1.4092e+02 1.2794e+02 1.4110e+02
  89.0000 1.3034e+02 9.6716e+01 1.8068e+02 9.7814e+01 1.7989e+02 1.2472e+02 1.3654e+02 1.2393e+02 1.3674e+02
  89.5000 1.2630e+02 9.3706e+01 1.7511e+02 9.4776e+01 1.7434e+02 1.2086e+02 1.3231e+02 1.2006e+02 1.3254e+02
  90.0000 1.2241e+02 9.0803e+01 1.6973e+02 9.1845e+01 1.6898e+02 1.1714e+02 1.2823e+02 1.1633e+02 1.2849e+02
  90.5000 1.1866e+02 8.8002e+01 1.6454e+02 8.9018e+01 1.6381e+02 1.1354e+02 1.2430e+02 1.1273e+02 1.2458e+02
  91.0000 1.1503e+02 8.5299e+01 1.5953e+02 8.6290e+01 1.5882e+02 1.1007e+02 1.2050e+02 1.0926e+02 1.2081e+02
  91.5000 1.1153e+02 8.2691e+01 1.5470e+02 8.3656e+01 1.5400e+02 1.0673e+02 1.1684e+02 1.0590e+02 1.1716e+02
  92.0000 1.0816e+02 8.0172e+01 1.5003e+02 8.1114e+01 1.4935e+02 1.0350e+02 1.1330e+02 1.0267e+02 1.1364e+02
  92.5000 1.0489e+02 7.7742e+01 1.4552e+02 7.8660e+01 1.4486e+02 1.0037e+02 1.0988e+02 9.9545e+01 1.1024e+02
  93.0000 1.0174e+02 7.5394e+01 1.4117e+02 7.6290e+01 1.4052e+02 9.7361e+01 1.0658e+02 9.6529e+01 1.0696e+02
  93.5000 9.8702e+01 7.3127e+01 1.3696e+02 7.4001e+01 1.3633e+02 9.4450e+01 1.0340e+02 9.3617e+01 1.0379e+02
  94.0000 9.5764e+01 7.0938e+01 1.3290e+02 7.1791e+01 1.3228e+02 9.1638e+01 1.0032e+02 9.0804e+01 1.0072e+02
  94.5000 9.2925e+01 6.8823e+01 1.2897e+02 6.9656e+01 1.2837e+02 8.8922e+01 9.7346e+01 8.8087e+01 9.7763e+01
  95.0000 9.0182e+01 6.6780e+01 1.2518e+02 6.7593e+01 1.2459e+02 8.6297e+01 9.4473e+01 8.5463e+01 9.4902e+01
  95.5000 8.7532e+01 6.4807e+01 1.2151e+02 6.5600e+01 1.2094e+02 8.3761e+01 9.1697e+01 8.2927e+01 9.2137e+01
  96.0000 8.4970e+01 6.2899e+01 1.1797e+02 6.3674e+01 1.1741e+02 8.1310e+01 8.9013e+01 8.0477e+01 8.9464e+01
  96.5000 8.2494e+01 6.1056e+01 1.1454e+02 6.1812e+01 1.1400e+02 7.8940e+01 8.6419e+01 7.8109e+01 8.6880e+01
  97.0000 8.0100e+01 5.9274e+01 1.1123e+02 6.0012e+01 1.1069e+02 7.6649e+01 8.3911e+01 7.5819e+01 8.4381e+01
  97.5000 7.7785e+01 5.7551e+01 1.0802e+02 5.8273e+01 1.0750e+02 7.4434e+01 8.1486e+01 7.3606e+01 8.1964e+01
  98.0000 7.5546e+01 5.5885e+01 1.0492e+02 5.6590e+01 1.0442e+02 7.2292e+01 7.9141e+01 7.1466e+01 7.9626e+01
  98.5000 7.3380e+01 5.4274e+01 1.0193e+02 5.4963e+01 1.0143e+02 7.0219e+01 7.6872e+01 6.9397e+01 7.7364e+01
  99.0000 7.1286e+01 5.2715e+01 9.9026e+01 5.3389e+01 9.8541e+01 6.8215e+01 7.4677e+01 6.7396e+01 7.5176e+01
  99.5000 6.9259e+01 5.1208e+01 9.6219e+01 5.1866e+01 9.5746e+01 6.6275e+01 7.2554e+01 6.5460e+01 7.3058e+01
 100.0000 6.7298e+01 4.9750e+01 9.3503e+01 5.0393e+01 9.3041e+01 6.4399e+01 7.0500e+01 6.3587e+01 7.1009e+01
 100.5000 6.5400e+01 4.8338e+01 9.0874e+01 4.8968e+01 9.0422e+01 6.2583e+01 6.8511e+01 6.1775e+01 6.9025e+01
 101.0000 6.3563e+01 4.6973e+01 8.8330e+01 4.7588e+01 8.7888e+01 6.0825e+01 6.6587e+01 6.0021e+01 6.7104e+01
 101.5000 6.1784e+01 4.5651e+01 8.5866e+01 4.6253e+01 8.5434e+01 5.9123e+01 6.4724e+01 5.8324e+01 6.5244e+01
 102.0000 6.0062e+01 4.4371e+01 8.3481e+01 4.4960e+01 8.3058e+01 5.7475e+01 6.2920e+01 5.6681e+01 6.3444e+01
 102.5000 5.8395e+01 4.3132e+01 8.1171e+01 4.3708e+01 8.0758e+01 5.5880e+01 6.1173e+01 5.5090e+01 6.1699e+01
 103.0000 5.6780e+01 4.1933e+01 7.8933e+01 4.2496e+01 7.8529e+01 5.4335e+01 5.9482e+01 5.3550e+01 6.0010e+01
 103.5000 5.5216e+01 4.0771e+01 7.6766e+01 4.1322e+01 7.6371e+01 5.2838e+01 5.7843e+01 5.2059e+01 5.8373e+01
 104.0000 5.3701e+01 3.9646e+01 7.4666e+01 4.0185e+01 7.4279e+01 5.1389e+01 5.6256e+01 5.0615e+01 5.6787e+01
 104.5000 5.2233e+01 3.8556e+01 7.2631e+01 3.9084e+01 7.2253e+01 4.9984e+01 5.4719e+01 4.9216e+01 5.5251e+01
 105.0000 5.0811e+01 3.7500e+01 7.0660e+01 3.8017e+01 7.0290e+01 4.8623e+01 5.3229e+01 4.7861e+01 5.3761e+01
 105.5000 4.9433e+01 3.6477e+01 6.8749e+01 3.6983e+01 6.8387e+01 4.7304e+01 5.1785e+01 4.6547e+01 5.2318e+01
 106.0000 4.8097e+01 3.5485e+01 6.6897e+01 3.5980e+01 6.6543e+01 4.6026e+01 5.0386e+01 4.5275e+01 5.0918e+01
 106.5000 4.6802e+01 3.4524e+01 6.5102e+01 3.5009e+01 6.4755e+01 4.4787e+01 4.9029e+01 4.4042e+01 4.9561e+01
 107.0000 4.5547e+01 3.3592e+01 6.3361e+01 3.4068e+01 6.3021e+01 4.3586e+01 4.7714e+01 4.2847e+01 4.8245e+01
 107.5000 4.4330e+01 3.2689e+01 6.1673e+01 3.3155e+01 6.1340e+01 4.2421e+01 4.6439e+01 4.1689e+01 4.6969e+01
 108.0000 4.3150e+01 3.1814e+01 6.0036e+01 3.2270e+01 5.9711e+01 4.1291e+01 4.5203e+01 4.0566e+01 4.5732e+01
 108.5000 4.2005e+01 3.0965e+01 5.8448e+01 3.1411e+01 5.8130e+01 4.0196e+01 4.4004e+01 3.9477e+01 4.4531e+01
 109.0000 4.0895e+01 3.0142e+01 5.6908e+01 3.0579e+01 5.6596e+01 3.9134e+01 4.2841e+01 3.8422e+01 4.3367e+01
 109.5000 3.9818e+01 2.9343e+01 5.5414e+01 2.9771e+01 5.5109e+01 3.8103e+01 4.1712e+01 3.7398e+01 4.2237e+01
 110.0000 3.8773e+01 2.8568e+01 5.3965e+01 2.8988e+01 5.3665e+01 3.7103e+01 4.0618e+01 3.6405e+01 4.1140e+01
 110.5000 3.7759e+01 2.7817e+01 5.2558e+01 2.8228e+01 5.2265e+01 3.6133e+01 3.9556e+01 3.5442e+01 4.0076e+01
 111.0000 3.6776e+01 2.7087e+01 5.1193e+01 2.7491e+01 5.0906e+01 3.5192e+01 3.8526e+01 3.4507e+01 3.9043e+01
 111.5000 3.5821e+01 2.6380e+01 4.9868e+01 2.6775e+01 4.9587e+01 3.4278e+01 3.7526e+01 3.3600e+01 3.8040e+01
 112.0000 3.4894e+01 2.5693e+01 4.8582e+01 2.6081e+01 4.8306e+01 3.3391e+01 3.6555e+01 3.2721e+01 3.7066e+01
 112.5000 3.3994e+01 2.5027e+01 4.7334e+01 2.5407e+01 4.7063e+01 3.2530e+01 3.5612e+01 3.1867e+01 3.6121e+01
 113.0000 3.3121e+01 2.4380e+01 4.6121e+01 2.4752e+01 4.5856e+01 3.1694e+01 3.4698e+01 3.1038e+01 3.5203e+01
 113.5000 3.2273e+01 2.3752e+01 4.4944e+01 2.4117e+01 4.4684e+01 3.0883e+01 3.3809e+01 3.0234e+01 3.4311e+01
 114.0000 3.1450e+01 2.3142e+01 4.3801e+01 2.3500e+01 4.3547e+01 3.0095e+01 3.2947e+01 2.9453e+01 3.3446e+01
 114.5000 3.0650e+01 2.2549e+01 4.2691e+01 2.2901e+01 4.2441e+01 2.9329e+01 3.2109e+01 2.8695e+01 3.2604e+01
 115.0000 2.9873e+01 2.1974e+01 4.1613e+01 2.2319e+01 4.1368e+01 2.8586e+01 3.1296e+01 2.7959e+01 3.1787e+01
 115.5000 2.9119e+01 2.1416e+01 4.0565e+01 2.1754e+01 4.0325e+01 2.7864e+01 3.0506e+01 2.7244e+01 3.0993e+01
 116.0000 2.8386e+01 2.0873e+01 3.9547e+01 2.1205e+01 3.9312e+01 2.7163e+01 2.9738e+01 2.6549e+01 3.0222e+01
 116.5000 2.7674e+01 2.0347e+01 3.8559e+01 2.0672e+01 3.8328e+01 2.6481e+01 2.8992e+01 2.5875e+01 2.9472e+01
 117.0000 2.6982e+01 1.9835e+01 3.7598e+01 2.0154e+01 3.7372e+01 2.5819e+01 2.8268e+01 2.5220e+01 2.8744e+01
 117.5000 2.6310e+01 1.9337e+01 3.6664e+01 1.9650e+01 3.6442e+01 2.5176e+01 2.7564e+01 2.4584e+01 2.8036e+01
 118.0000 2.5657e+01 1.8854e+01 3.5757e+01 1.9161e+01 3.5539e+01 2.4551e+01 2.6880e+01 2.3966e+01 2.7348e+01
 118.5000 2.5022e+01 1.8385e+01 3.4875e+01 1.8686e+01 3.4662e+01 2.3943e+01 2.6215e+01 2.3365e+01 2.6679e+01
 119.0000 2.4405e+01 1.7928e+01 3.4018e+01 1.8224e+01 3.3808e+01 2.3353e+01 2.5568e+01 2.2782e+01 2.6029e+01
 119.5000 2.3805e+01 1.7485e+01 3.3185e+01 1.7775e+01 3.2979e+01 2.2779e+01 2.4940e+01 2.2214e+01 2.5396e+01
 120.0000 2.3222e+01 1.7054e+01 3.2374e+01 1.7339e+01 3.2172e+01 2.2221e+01 2.4329e+01 2.1663e+01 2.4782e+01
